  0.0414     0.0992     0.8594   -100.0000
  0.0476     0.1281     0.8242   -99.0000
  0.0359     0.1203     0.8438   -98.0000
  0.0188     0.1258     0.8555   -97.0000
  0.0125     0.1281     0.8594   -96.0000
  0.0140     0.1188     0.8672   -95.0000
  0.0140     0.1461     0.8398   -94.0000
  0.0273     0.1406     0.8320   -93.0000
  0.0336     0.1578     0.8086   -92.0000
  0.0281     0.1711     0.8008   -91.0000
  0.0437     0.1477     0.8086   -90.0000
  0.0476     0.1360     0.8164   -89.0000
  0.0570     0.1031     0.8398   -88.0000
  0.0703     0.0859     0.8438   -87.0000
  0.0542     0.1099     0.8359   -86.0000
  0.0410     0.1310     0.8281   -85.0000
  0.0277     0.1638     0.8086   -84.0000
  0.0183     0.1809     0.8008   -83.0000
  0.0149     0.1453     0.8398   -82.0000
  0.0086     0.1086     0.8828   -81.0000
  0.0083     0.0776     0.9141   -80.0000
  0.0034     0.0473     0.9492   -79.0000
  0.0034     0.0473     0.9492   -78.0000
  0.0034     0.0512     0.9453   -77.0000
  0.0014     0.0337     0.9648   -76.0000
  0.0000     0.0352     0.9648   -75.0000
  0.0000     0.0469     0.9531   -74.0000
  0.0117     0.0469     0.9414   -73.0000
  0.0273     0.0547     0.9180   -72.0000
  0.0391     0.0547     0.9062   -71.0000
  0.0508     0.0547     0.8945   -70.0000
  0.0430     0.0664     0.8906   -69.0000
  0.0430     0.0664     0.8906   -68.0000
  0.0312     0.0703     0.8984   -67.0000
  0.0273     0.0625     0.9102   -66.0000
  0.0312     0.0430     0.9258   -65.0000
  0.0273     0.0352     0.9375   -64.0000
  0.0312     0.0234     0.9453   -63.0000
  0.0312     0.0156     0.9531   -62.0000
  0.0391     0.0156     0.9453   -61.0000
  0.0273     0.0234     0.9492   -60.0000
  0.0273     0.0234     0.9492   -59.0000
  0.0336     0.0680     0.8984   -58.0000
  0.0281     0.1242     0.8477   -57.0000
  0.0515     0.1711     0.7774   -56.0000
  0.0539     0.2430     0.7031   -55.0000
  0.0633     0.2492     0.6875   -54.0000
  0.0594     0.2571     0.6836   -53.0000
  0.0594     0.2258     0.7148   -52.0000
  0.0766     0.1735     0.7500   -51.0000
  0.0555     0.1883     0.7812   -50.0000
  0.0610     0.1321     0.8320   -49.0000
  0.0375     0.1086     0.8789   -48.0000
  0.0180     0.1008     0.9062   -47.0000
  0.0352     0.0430     0.9219   -46.0000
  0.0352     0.0430     0.9219   -45.0000
  0.0508     0.0742     0.8750   -44.0000
  0.0625     0.0859     0.8516   -43.0000
  0.0625     0.1016     0.8359   -42.0000
  0.0586     0.1446     0.7969   -41.0000
  0.0586     0.1446     0.7969   -40.0000
  0.0564     0.1741     0.7695   -39.0000
  0.0503     0.1841     0.7656   -38.0000
  0.0621     0.1606     0.7774   -37.0000
  0.0610     0.1500     0.7891   -36.0000
  0.0670     0.1244     0.8086   -35.0000
  0.0598     0.1433     0.7969   -34.0000
  0.0638     0.1394     0.7969   -33.0000
  0.0609     0.1617     0.7773   -32.0000
  0.0609     0.1656     0.7734   -31.0000
  0.0664     0.1406     0.7930   -30.0000
  0.0664     0.1406     0.7929   -29.0000
  0.0570     0.1422     0.8008   -28.0000
  0.0477     0.1438     0.8086   -27.0000
  0.0594     0.1399     0.8008   -26.0000
  0.0427     0.1293     0.8281   -25.0000
  0.0505     0.1253     0.8242   -24.0000
  0.0559     0.1003     0.8437   -23.0000
  0.0348     0.1136     0.8515   -22.0000
  0.0305     0.1297     0.8398   -21.0000
  0.0360     0.1047     0.8594   -20.0000
  0.0359     0.1008     0.8633   -19.0000
  0.0360     0.0929     0.8711   -18.0000
  0.0531     0.0679     0.8789   -17.0000
  0.0531     0.0679     0.8789   -16.0000
  0.0531     0.0718     0.8750   -15.0000
  0.0664     0.0469     0.8867   -14.0000
  0.0664     0.0547     0.8789   -13.0000
  0.0515     0.0930     0.8555   -12.0000
  0.0539     0.1179     0.8281   -11.0000
  0.0523     0.1469     0.8008   -10.0000
  0.0523     0.1508     0.7969    -9.0000
  0.0539     0.1414     0.8047    -8.0000
  0.0461     0.1570     0.7969    -7.0000
  0.0555     0.1399     0.8047    -6.0000
  0.0461     0.1531     0.8008    -5.0000
  0.0594     0.1125     0.8281    -4.0000
  0.0516     0.1008     0.8476    -3.0000
  0.0461     0.1219     0.8320    -2.0000
  0.0672     0.1047     0.8281    -1.0000
  0.0867     0.1086     0.8047     0.0000
  0.1156     0.0797     0.8047     1.0000
  0.1328     0.0508     0.8164     2.0000
  0.1289     0.0508     0.8203     3.0000
  0.1445     0.0469     0.8086     4.0000
  0.1602     0.0430     0.7969     5.0000
  0.1562     0.0390     0.8047     6.0000
  0.1602     0.0351     0.8047     7.0000
  0.1367     0.0391     0.8242     8.0000
  0.1328     0.0352     0.8320     9.0000
  0.1328     0.0391     0.8281    10.0000
  0.1328     0.0508     0.8164    11.0000
  0.1289     0.0547     0.8164    12.0000
  0.0977     0.0742     0.8281    13.0000
  0.0781     0.0781     0.8438    14.0000
  0.0625     0.0703     0.8672    15.0000
  0.0547     0.0703     0.8750    16.0000
  0.0703     0.0703     0.8594    17.0000
  0.1016     0.0703     0.8281    18.0000
  0.1211     0.0625     0.8164    19.0000
  0.1133     0.0703     0.8164    20.0000
  0.1016     0.0742     0.8242    21.0000
  0.0898     0.0781     0.8320    22.0000
  0.0859     0.0977     0.8164    23.0000
  0.1211     0.0820     0.7969    24.0000
  0.1445     0.0703     0.7852    25.0000
  0.1445     0.0586     0.7969    26.0000
  0.1484     0.0390     0.8125    27.0000
  0.1211     0.0508     0.8281    28.0000
  0.0898     0.0508     0.8594    29.0000
  0.1055     0.0547     0.8398    30.0000
  0.1094     0.0586     0.8320    31.0000
  0.1445     0.0664     0.7891    32.0000
  0.1757     0.0703     0.7539    33.0000
  0.1875     0.0703     0.7422    34.0000
  0.1914     0.0820     0.7266    35.0000
  0.1875     0.0703     0.7422    36.0000
  0.1992     0.0742     0.7266    37.0000
  0.1641     0.1055     0.7305    38.0000
  0.1758     0.1211     0.7031    39.0000
  0.1680     0.1406     0.6914    40.0000
  0.1680     0.1562     0.6758    41.0000
  0.1836     0.1445     0.6719    42.0000
  0.1640     0.1289     0.7070    43.0000
  0.1484     0.1445     0.7070    44.0000
  0.1328     0.1406     0.7266    45.0000
  0.1562     0.1367     0.7070    46.0000
  0.1836     0.1289     0.6875    47.0000
  0.1992     0.1094     0.6914    48.0000
  0.1875     0.1094     0.7031    49.0000
  0.1680     0.0977     0.7344    50.0000
  0.1289     0.1016     0.7695    51.0000
  0.1524     0.0898     0.7578    52.0000
  0.1797     0.0742     0.7461    53.0000
  0.1680     0.0703     0.7617    54.0000
  0.1602     0.0703     0.7695    55.0000
  0.1289     0.0703     0.8008    56.0000
  0.1016     0.0703     0.8281    57.0000
  0.1016     0.0781     0.8203    58.0000
  0.1094     0.0820     0.8086    59.0000
  0.1172     0.0781     0.8047    60.0000
  0.1289     0.0781     0.7930    61.0000
  0.1445     0.0820     0.7734    62.0000
  0.1679     0.0742     0.7578    63.0000
  0.1719     0.0742     0.7539    64.0000
  0.1758     0.0781     0.7461    65.0000
  0.1758     0.0742     0.7500    66.0000
  0.1758     0.0898     0.7344    67.0000
  0.1992     0.0898     0.7109    68.0000
  0.2344     0.0781     0.6875    69.0000
  0.2266     0.0703     0.7031    70.0000
  0.2383     0.0664     0.6953    71.0000
  0.2188     0.0742     0.7070    72.0000
  0.1953     0.0742     0.7305    73.0000
  0.2031     0.0820     0.7148    74.0000
  0.1875     0.0820     0.7305    75.0000
  0.1992     0.0820     0.7188    76.0000
  0.1992     0.0898     0.7110    77.0000
  0.2109     0.0820     0.7071    78.0000
  0.2148     0.0703     0.7149    79.0000
  0.2109     0.0820     0.7070    80.0000
  0.2383     0.0898     0.6719    81.0000
  0.2461     0.1133     0.6406    82.0000
  0.2734     0.1328     0.5938    83.0000
  0.2852     0.1328     0.5820    84.0000
  0.2578     0.1367     0.6055    85.0000
  0.2461     0.1133     0.6406    86.0000
  0.2422     0.0898     0.6680    87.0000
  0.2656     0.0859     0.6485    88.0000
  0.2773     0.0898     0.6328    89.0000
  0.2773     0.1055     0.6172    90.0000
  0.2734     0.1094     0.6172    91.0000
  0.2578     0.1016     0.6407    92.0000
  0.2500     0.0899     0.6602    93.0000
  0.2344     0.0899     0.6758    94.0000
  0.2305     0.0938     0.6758    95.0000
