  0.1680     0.0937     0.7383   -100.0000
  0.1680     0.0508     0.7812   -99.0000
  0.1602     0.0156     0.8242   -98.0000
  0.1562     0.0273     0.8164   -97.0000
  0.1602     0.0469     0.7929   -96.0000
  0.1680     0.0703     0.7617   -95.0000
  0.1797     0.1016     0.7187   -94.0000
  0.1719     0.1367     0.6914   -93.0000
  0.1797     0.1406     0.6797   -92.0000
  0.1445     0.1445     0.7109   -91.0000
  0.1445     0.1328     0.7227   -90.0000
  0.1445     0.1094     0.7461   -89.0000
  0.1484     0.0977     0.7539   -88.0000
  0.1562     0.0938     0.7500   -87.0000
  0.1328     0.1055     0.7617   -86.0000
  0.1445     0.1250     0.7305   -85.0000
  0.1445     0.1289     0.7266   -84.0000
  0.1445     0.1172     0.7383   -83.0000
  0.1445     0.1133     0.7422   -82.0000
  0.1289     0.0859     0.7852   -81.0000
  0.1289     0.0898     0.7812   -80.0000
  0.1406     0.1016     0.7578   -79.0000
  0.1445     0.1250     0.7305   -78.0000
  0.1680     0.1484     0.6836   -77.0000
  0.1680     0.1797     0.6523   -76.0000
  0.1641     0.1914     0.6445   -75.0000
  0.1836     0.1836     0.6328   -74.0000
  0.1719     0.1719     0.6563   -73.0000
  0.1719     0.1446     0.6836   -72.0000
  0.1562     0.1406     0.7032   -71.0000
  0.1406     0.1172     0.7422   -70.0000
  0.1406     0.1094     0.7500   -69.0000
  0.1289     0.1055     0.7656   -68.0000
  0.1562     0.0859     0.7578   -67.0000
  0.1719     0.1016     0.7266   -66.0000
  0.1875     0.1016     0.7109   -65.0000
  0.2070     0.1250     0.6680   -64.0000
  0.1875     0.1523     0.6602   -63.0000
  0.2031     0.1250     0.6719   -62.0000
  0.1953     0.1406     0.6641   -61.0000
  0.1836     0.1328     0.6836   -60.0000
  0.2031     0.1133     0.6836   -59.0000
  0.1757     0.1406     0.6836   -58.0000
  0.1601     0.1328     0.7070   -57.0000
  0.1719     0.1211     0.7070   -56.0000
  0.1679     0.1211     0.7109   -55.0000
  0.1641     0.1094     0.7266   -54.0000
  0.1484     0.0977     0.7539   -53.0000
  0.1406     0.1055     0.7539   -52.0000
  0.1328     0.0977     0.7695   -51.0000
  0.1367     0.0820     0.7812   -50.0000
  0.1562     0.0859     0.7578   -49.0000
  0.1523     0.0703     0.7773   -48.0000
  0.1523     0.0781     0.7695   -47.0000
  0.1601     0.0938     0.7461   -46.0000
  0.1679     0.1133     0.7187   -45.0000
  0.1719     0.1211     0.7070   -44.0000
  0.1836     0.1211     0.6953   -43.0000
  0.1601     0.1289     0.7109   -42.0000
  0.1641     0.1094     0.7266   -41.0000
  0.1641     0.0977     0.7383   -40.0000
  0.1367     0.0898     0.7734   -39.0000
  0.1406     0.0742     0.7852   -38.0000
  0.1250     0.0703     0.8047   -37.0000
  0.1172     0.0742     0.8086   -36.0000
  0.1289     0.0742     0.7969   -35.0000
  0.1406     0.0742     0.7852   -34.0000
  0.1445     0.0859     0.7695   -33.0000
  0.1523     0.0820     0.7656   -32.0000
  0.1679     0.0664     0.7656   -31.0000
  0.1719     0.0547     0.7734   -30.0000
  0.1758     0.0391     0.7851   -29.0000
  0.1992     0.0273     0.7734   -28.0000
  0.2031     0.0273     0.7695   -27.0000
  0.2071     0.0273     0.7656   -26.0000
  0.1914     0.0195     0.7891   -25.0000
  0.1602     0.0156     0.8242   -24.0000
  0.1406     0.0234     0.8359   -23.0000
  0.1484     0.0312     0.8203   -22.0000
  0.1562     0.0391     0.8047   -21.0000
  0.1875     0.0508     0.7617   -20.0000
  0.1953     0.0469     0.7578   -19.0000
  0.1758     0.0352     0.7891   -18.0000
  0.1797     0.0352     0.7852   -17.0000
  0.1562     0.0312     0.8125   -16.0000
  0.1601     0.0469     0.7930   -15.0000
  0.1836     0.0625     0.7539   -14.0000
  0.2070     0.0625     0.7305   -13.0000
  0.2422     0.0742     0.6836   -12.0000
  0.2344     0.0820     0.6836   -11.0000
  0.2461     0.0820     0.6719   -10.0000
  0.2304     0.0977     0.6719    -9.0000
  0.2070     0.0977     0.6953    -8.0000
  0.2031     0.1055     0.6914    -7.0000
  0.2188     0.1094     0.6719    -6.0000
  0.2344     0.1133     0.6523    -5.0000
  0.2383     0.1172     0.6445    -4.0000
  0.2539     0.0977     0.6484    -3.0000
  0.2305     0.1016     0.6680    -2.0000
  0.2422     0.0898     0.6680    -1.0000
  0.2383     0.0781     0.6836     0.0000
  0.2383     0.0938     0.6680     1.0000
  0.2227     0.0977     0.6797     2.0000
  0.2070     0.0859     0.7070     3.0000
  0.2070     0.0937     0.6992     4.0000
  0.2344     0.0703     0.6953     5.0000
  0.2461     0.0508     0.7031     6.0000
  0.2461     0.0586     0.6953     7.0000
  0.2461     0.0547     0.6992     8.0000
  0.2305     0.0547     0.7148     9.0000
  0.2031     0.0625     0.7344    10.0000
  0.2070     0.0586     0.7344    11.0000
  0.2070     0.0586     0.7344    12.0000
  0.2070     0.0586     0.7344    13.0000
  0.2031     0.0547     0.7422    14.0000
  0.2070     0.0703     0.7227    15.0000
  0.2227     0.0703     0.7070    16.0000
  0.2188     0.0820     0.6992    17.0000
  0.2305     0.0899     0.6797    18.0000
  0.2109     0.0664     0.7227    19.0000
  0.1914     0.0547     0.7539    20.0000
  0.2031     0.0586     0.7383    21.0000
  0.2109     0.0586     0.7305    22.0000
  0.2188     0.0781     0.7032    23.0000
  0.2266     0.1016     0.6719    24.0000
  0.2149     0.1016     0.6836    25.0000
  0.2110     0.0977     0.6914    26.0000
  0.2188     0.0938     0.6875    27.0000
  0.2071     0.0859     0.7070    28.0000
  0.2031     0.0820     0.7148    29.0000
  0.2031     0.0742     0.7227    30.0000
  0.1875     0.0742     0.7383    31.0000
  0.1758     0.0703     0.7539    32.0000
  0.1758     0.0625     0.7617    33.0000
  0.2031     0.0586     0.7383    34.0000
  0.1953     0.0586     0.7461    35.0000
  0.1992     0.0586     0.7422    36.0000
  0.1914     0.0586     0.7500    37.0000
  0.1758     0.0703     0.7539    38.0000
  0.1875     0.0625     0.7500    39.0000
  0.1953     0.0625     0.7422    40.0000
  0.1836     0.0586     0.7578    41.0000
  0.1602     0.0625     0.7773    42.0000
  0.1562     0.0586     0.7851    43.0000
  0.1484     0.0625     0.7890    44.0000
  0.1367     0.0781     0.7851    45.0000
  0.1797     0.0625     0.7578    46.0000
  0.1719     0.0625     0.7656    47.0000
  0.1641     0.0625     0.7734    48.0000
  0.1758     0.0469     0.7773    49.0000
  0.1328     0.0469     0.8203    50.0000
  0.1289     0.0586     0.8125    51.0000
  0.1445     0.0469     0.8086    52.0000
  0.1641     0.0469     0.7891    53.0000
  0.1602     0.0508     0.7891    54.0000
  0.1719     0.0430     0.7852    55.0000
  0.1563     0.0547     0.7891    56.0000
  0.1523     0.0664     0.7812    57.0000
  0.1680     0.0742     0.7578    58.0000
  0.1523     0.1133     0.7344    59.0000
  0.1719     0.1289     0.6992    60.0000
  0.1562     0.1679     0.6758    61.0000
  0.1562     0.1992     0.6446    62.0000
  0.1602     0.1953     0.6446    63.0000
  0.1641     0.2031     0.6328    64.0000
  0.1758     0.1875     0.6367    65.0000
  0.1797     0.1680     0.6523    66.0000
  0.1875     0.1602     0.6523    67.0000
  0.1992     0.1484     0.6523    68.0000
  0.1875     0.1367     0.6758    69.0000
  0.1992     0.1211     0.6797    70.0000
  0.1719     0.1016     0.7266    71.0000
  0.1445     0.0938     0.7617    72.0000
  0.1406     0.0859     0.7734    73.0000
  0.1133     0.0898     0.7969    74.0000
  0.1289     0.0859     0.7852    75.0000
  0.1328     0.0703     0.7969    76.0000
  0.1445     0.0469     0.8086    77.0000
  0.1406     0.0430     0.8164    78.0000
  0.1523     0.0430     0.8047    79.0000
  0.1523     0.0508     0.7969    80.0000
  0.1367     0.0703     0.7929    81.0000
  0.1367     0.0820     0.7812    82.0000
  0.1250     0.0899     0.7851    83.0000
  0.1328     0.1055     0.7617    84.0000
  0.1367     0.0938     0.7695    85.0000
  0.1445     0.0859     0.7695    86.0000
  0.1484     0.0898     0.7617    87.0000
  0.1523     0.0820     0.7656    88.0000
  0.1406     0.0977     0.7617    89.0000
  0.1836     0.1094     0.7070    90.0000
  0.1758     0.1133     0.7109    91.0000
  0.1680     0.1289     0.7031    92.0000
  0.1875     0.1289     0.6836    93.0000
  0.1484     0.1055     0.7461    94.0000
  0.1484     0.0742     0.7773    95.0000
